{"timestamp":1753140129.8970942,"transformation_matrix":[[1.0,0.0,0.0,0.0],[0.0,1.0,0.0,0.0],[0.0,0.0,1.0,0.0],[0.0,0.0,0.0,1.0]]}
{"timestamp":1753140129.907829,"transformation_matrix":[[0.9999999403953552,-0.0002504516742192209,-0.000150479914736934,-0.00018626776000019163],[0.00025047064991667867,0.9999999403953552,0.00012615500600077212,-0.00013163092080503702],[0.000150448307977058,-0.0001261926954612136,1.0,0.0004141438694205135],[0.0,0.0,0.0,1.0]]}
{"timestamp":1753140129.9420907,"transformation_matrix":[[0.9999998807907104,-0.0003958458546549082,-0.0002294892619829625,-0.00024984683841466904],[0.0003958965535275638,0.9999998807907104,0.00022098238696344197,-6.79687800584361e-05],[0.00022940177586860955,-0.00022107322001829743,0.9999999403953552,0.0005193775868974626],[0.0,0.0,0.0,1.0]]}
{"timestamp":1753140129.9736054,"transformation_matrix":[[1.0,-8.584414899814874e-05,-6.776431837351993e-05,-0.00013712853251490742],[8.584668103139848e-05,1.0,3.7348367186496034e-05,-4.977415665052831e-05],[6.776111695216969e-05,-3.735418067662977e-05,1.0,0.0002678900200407952],[0.0,0.0,0.0,1.0]]}
{"timestamp":1753140130.0076282,"transformation_matrix":[[0.9999998211860657,-0.0006103868945501745,-0.00021028997434768826,1.0715632015489973e-05],[0.000610482704360038,0.9999997019767761,0.0004560726520139724,-2.217692781414371e-05],[0.00021001153800170869,-0.0004562009416986257,0.9999998807907104,-8.36026156321168e-05],[0.0,0.0,0.0,1.0]]}
{"timestamp":1753140130.0402575,"transformation_matrix":[[0.9999999403953552,-0.0002846198040060699,-7.020380871836096e-05,0.0002697831077966839],[0.00028462515911087394,0.9999999403953552,7.60074908612296e-05,1.4293247659225017e-05],[7.018217002041638e-05,-7.602747064083815e-05,1.0,-0.0003206289547961205],[0.0,0.0,0.0,1.0]]}
{"timestamp":1753140130.073917,"transformation_matrix":[[1.0,-5.626967322314158e-05,1.5861069186939858e-05,6.418214297809754e-07],[5.627078644465655e-05,1.0,-7.029285188764334e-05,2.529499943193514e-05],[-1.585711470397655e-05,7.029373955447227e-05,1.0,4.014049409306608e-05],[0.0,0.0,0.0,1.0]]}
{"timestamp":1753140130.1072593,"transformation_matrix":[[0.9999995827674866,0.0008579150307923555,-0.00034103813231922686,-1.0599143024592195e-05],[-0.0008581473957747221,0.9999994039535522,-0.000681660370901227,2.5506966267130338e-05],[0.0003404531453270465,0.0006819526897743344,0.9999997019767761,2.9700495360884815e-05],[0.0,0.0,0.0,1.0]]}
{"timestamp":1753140130.1404927,"transformation_matrix":[[0.9999998807907104,0.00045246569789014757,-3.5269315503683174e-06,0.00048665376380085945],[-0.00045246511581353843,0.9999998807907104,0.0001670142519287765,-1.4824780009803362e-05],[3.6024991914018756e-06,-0.00016701265121810138,1.0,-0.00046281368122436106],[0.0,0.0,0.0,1.0]]}
{"timestamp":1753140130.1743565,"transformation_matrix":[[0.9999691843986511,-0.0077853016555309296,0.0010039067128673196,0.00015261804219335318],[0.0077835433185100555,0.9999681711196899,0.0017436351627111435,5.500997758645099e-06],[-0.0010174495400860906,-0.0017357675824314356,0.9999979734420776,0.0002605956979095936],[0.0,0.0,0.0,1.0]]}
{"timestamp":1753140130.207421,"transformation_matrix":[[0.9999874234199524,-0.002288645366206765,0.004468211438506842,0.0036256539169698954],[0.0023023111280053854,0.9999926686286926,-0.0030556709971278906,0.0018870832864195108],[-0.0044611855410039425,0.0030659197364002466,0.9999853372573853,-0.0032387799583375454],[0.0,0.0,0.0,1.0]]}
{"timestamp":1753140130.2406068,"transformation_matrix":[[0.9999884963035583,-0.0034476902801543474,-0.0033419709652662277,0.004031724762171507],[0.0034305972512811422,0.9999810457229614,-0.005106975790113211,0.0021466456819325686],[0.003359514754265547,0.005095451604574919,0.9999814033508301,-0.004116235766559839],[0.0,0.0,0.0,1.0]]}
{"timestamp":1753140130.2745728,"transformation_matrix":[[0.9999501705169678,-0.0074562979862093925,0.006638715509325266,0.003920250106602907],[0.007550008594989777,0.9998705983161926,-0.014204476960003376,0.0032500845845788717],[-0.006531944032758474,0.014253891073167324,0.9998770952224731,-0.005556270945817232],[0.0,0.0,0.0,1.0]]}
{"timestamp":1753140130.307337,"transformation_matrix":[[0.9997018575668335,-0.0234377421438694,0.0068458146415650845,0.004860247019678354],[0.023525569587945938,0.9996381402015686,-0.013043945655226707,0.005722283851355314],[-0.006537616718560457,0.013201108202338219,0.999891459941864,-0.006860765162855387],[0.0,0.0,0.0,1.0]]}
{"timestamp":1753140130.3404448,"transformation_matrix":[[0.9999228119850159,-0.004516241606324911,0.011576577089726925,0.005745223723351955],[0.00481654005125165,0.999649167060852,-0.026044953614473343,0.006441864185035229],[-0.011454890482127666,0.02609870210289955,0.9995937347412109,-0.008810318075120449],[0.0,0.0,0.0,1.0]]}
{"timestamp":1753140130.374003,"transformation_matrix":[[0.999904453754425,-0.010606636293232441,0.008864321745932102,0.005071527324616909],[0.01082694437354803,0.9996241331100464,-0.025186479091644287,0.0030919674318283796],[-0.008593847043812275,0.025280047208070755,0.9996434450149536,-0.00832363124936819],[0.0,0.0,0.0,1.0]]}
{"timestamp":1753140130.407607,"transformation_matrix":[[0.9999815225601196,-0.004534159321337938,0.004051913972944021,0.00592588959261775],[0.004654762800782919,0.9995309710502625,-0.030268076807260513,0.002778284251689911],[-0.003912773448973894,0.030286379158496857,0.9995335936546326,-0.009404615499079227],[0.0,0.0,0.0,1.0]]}
{"timestamp":1753140130.446233,"transformation_matrix":[[0.99983811378479,-0.01646573655307293,0.007257826626300812,0.007042852696031332],[0.016661887988448143,0.9994732737541199,-0.027849694713950157,0.003029600018635392],[-0.006795438006520271,0.02796611376106739,0.999585747718811,-0.010391009040176868],[0.0,0.0,0.0,1.0]]}
{"timestamp":1753140130.4738774,"transformation_matrix":[[0.9998560547828674,-0.015989646315574646,0.005675769876688719,0.00793440267443657],[0.01612444967031479,0.9995683431625366,-0.024557799100875854,0.002424591453745961],[-0.00528064975515008,0.024645783007144928,0.9996823072433472,-0.012013080529868603],[0.0,0.0,0.0,1.0]]}
{"timestamp":1753140130.507257,"transformation_matrix":[[0.9995944499969482,-0.028132924810051918,0.004417354706674814,0.012941564433276653],[0.028217071667313576,0.999395489692688,-0.020308608189225197,0.0022243026178330183],[-0.003843344049528241,0.020425016060471535,0.999783992767334,-0.019240014255046844],[0.0,0.0,0.0,1.0]]}
{"timestamp":1753140130.5407608,"transformation_matrix":[[0.9998739361763,-0.014250233769416809,0.006999844219535589,0.014023571275174618],[0.014461686834692955,0.9994101524353027,-0.031148811802268028,0.002899433486163616],[-0.006551837082952261,0.031246116384863853,0.9994902610778809,-0.02170991338789463],[0.0,0.0,0.0,1.0]]}
{"timestamp":1753140130.5735357,"transformation_matrix":[[0.9998140335083008,-0.019062336534261703,0.0029205407481640577,0.01503849495202303],[0.019144605845212936,0.9993248581886292,-0.03135692700743675,0.0029941906686872244],[-0.0023208328057080507,0.031407009810209274,0.9995039701461792,-0.023072687909007072],[0.0,0.0,0.0,1.0]]}
{"timestamp":1753140130.6072986,"transformation_matrix":[[0.9997124075889587,-0.02398054674267769,-0.00019676185911521316,0.015817444771528244],[0.023962125182151794,0.9992057085037231,-0.031839847564697266,0.002717741532251239],[0.0009601424098946154,0.03182597458362579,0.9994929432868958,-0.02399553172290325],[0.0,0.0,0.0,1.0]]}
{"timestamp":1753140130.6416852,"transformation_matrix":[[0.9997867345809937,-0.019350510090589523,-0.007217817008495331,0.01872425526380539],[0.019130803644657135,0.9993858337402344,-0.029358448460698128,0.003047538222745061],[0.007781485095620155,0.029214104637503624,0.9995428919792175,-0.0284428708255291],[0.0,0.0,0.0,1.0]]}
{"timestamp":1753140130.673712,"transformation_matrix":[[0.9999139904975891,-0.013034265488386154,-0.0014750860864296556,0.019436489790678024],[0.012968869879841805,0.9991946220397949,-0.03797285258769989,0.0033621513284742832],[0.0019688461907207966,0.03795045614242554,0.9992777109146118,-0.029732348397374153],[0.0,0.0,0.0,1.0]]}
{"timestamp":1753140130.7072957,"transformation_matrix":[[0.9996074438095093,-0.027624664828181267,0.00467634666711092,0.021457064896821976],[0.027768613770604134,0.9990297555923462,-0.03418244048953056,0.0036313484888523817],[-0.003727531060576439,0.03429887816309929,0.9994046688079834,-0.03291425108909607],[0.0,0.0,0.0,1.0]]}
{"timestamp":1753140130.7405968,"transformation_matrix":[[0.9996735453605652,-0.025528427213430405,0.0010595251806080341,0.021830452606081963],[0.025549903512001038,0.9990536570549011,-0.03519849479198456,0.003685178468003869],[-0.00015996029833331704,0.035214073956012726,0.9993797540664673,-0.033256884664297104],[0.0,0.0,0.0,1.0]]}
{"timestamp":1753140130.775588,"transformation_matrix":[[0.9997358918190002,-0.022975100204348564,-0.0005061374977231026,0.022306442260742188],[0.02294321171939373,0.9991211295127869,-0.035079825669527054,0.0034424022305756807],[0.001311655156314373,0.03505894914269447,0.9993844032287598,-0.033585842698812485],[0.0,0.0,0.0,1.0]]}
{"timestamp":1753140130.8071654,"transformation_matrix":[[0.9993124604225159,-0.03673296421766281,0.005029861815273762,0.022915897890925407],[0.03686343878507614,0.9989017248153687,-0.028921974822878838,0.002927634632214904],[-0.003961947746574879,0.029087508097290993,0.9995689988136292,-0.03571660816669464],[0.0,0.0,0.0,1.0]]}
{"timestamp":1753140130.8404999,"transformation_matrix":[[0.9997677803039551,-0.019978705793619156,0.008078052662312984,0.02342108264565468],[0.020276572555303574,0.9990471601486206,-0.03864697739481926,0.002662116661667824],[-0.007298239506781101,0.03880180045962334,0.9992202520370483,-0.03699509799480438],[0.0,0.0,0.0,1.0]]}
{"timestamp":1753140130.8739114,"transformation_matrix":[[0.9998025894165039,-0.019375938922166824,0.004397806245833635,0.03985413536429405],[0.019525814801454544,0.9991217851638794,-0.037072449922561646,0.0030561976600438356],[-0.003675630781799555,0.03715100139379501,0.9993029236793518,-0.06316392123699188],[0.0,0.0,0.0,1.0]]}
{"timestamp":1753140130.90772,"transformation_matrix":[[0.9997391104698181,-0.022689463570713997,0.002620253711938858,0.04278029873967171],[0.02277679555118084,0.9989252090454102,-0.040369126945734024,0.003593183821067214],[-0.001701483502984047,0.04041827842593193,0.9991813898086548,-0.06679870933294296],[0.0,0.0,0.0,1.0]]}
{"timestamp":1753140130.9435108,"transformation_matrix":[[0.9996955394744873,-0.02458844520151615,-0.0020658683497458696,0.05136563256382942],[0.02449583075940609,0.9990222454071045,-0.03680308535695076,0.0031789259519428015],[0.0029687790665775537,0.03674127534031868,0.999320387840271,-0.08070660382509232],[0.0,0.0,0.0,1.0]]}
{"timestamp":1753140130.9735887,"transformation_matrix":[[0.9998763799667358,-0.01514697726815939,0.004225000739097595,0.053260188549757004],[0.015328013338148594,0.9987894892692566,-0.04673976078629494,0.0031019956804811954],[-0.003511920105665922,0.046798739582300186,0.9988981485366821,-0.0843101367354393],[0.0,0.0,0.0,1.0]]}
{"timestamp":1753140131.0068665,"transformation_matrix":[[0.9996501207351685,-0.025266068056225777,0.007827665656805038,0.053851258009672165],[0.025578124448657036,0.9987592697143555,-0.042727429419755936,0.0027973433025181293],[-0.006738400086760521,0.042912695556879044,0.9990561008453369,-0.0863838791847229],[0.0,0.0,0.0,1.0]]}
{"timestamp":1753140131.040229,"transformation_matrix":[[0.9996391534805298,-0.026114877313375473,0.006293761543929577,0.054836783558130264],[0.026354171335697174,0.9987895488739014,-0.04153229296207428,0.0030308039858937263],[-0.005201532505452633,0.041683174669742584,0.9991173148155212,-0.08761298656463623],[0.0,0.0,0.0,1.0]]}
{"timestamp":1753140131.0733314,"transformation_matrix":[[0.9993643164634705,-0.0355747826397419,0.0023302570916712284,0.08991646766662598],[0.03564031794667244,0.9985293745994568,-0.04085178300738335,0.00019061111379414797],[-0.0008735368610359728,0.04090886190533638,0.999162495136261,-0.14112602174282074],[0.0,0.0,0.0,1.0]]}
{"timestamp":1753140131.107146,"transformation_matrix":[[0.9994112849235535,-0.03288514167070389,0.009779463522136211,0.09151595830917358],[0.03324083238840103,0.9986956715583801,-0.038756292313337326,-0.0021410505287349224],[-0.008492200635373592,0.03905855491757393,0.9992008209228516,-0.14599236845970154],[0.0,0.0,0.0,1.0]]}
{"timestamp":1753140131.1402807,"transformation_matrix":[[0.9997183680534363,-0.022132277488708496,0.008564857766032219,0.09679318219423294],[0.02250102534890175,0.9987034201622009,-0.045664191246032715,-0.002698753261938691],[-0.007543100044131279,0.045844048261642456,0.9989201426506042,-0.15585649013519287],[0.0,0.0,0.0,1.0]]}
{"timestamp":1753140131.1741104,"transformation_matrix":[[0.9997231364250183,-0.02267172560095787,0.006293854676187038,0.09833048284053802],[0.022945068776607513,0.998611330986023,-0.04742320626974106,-0.0035132532939314842],[-0.005209948867559433,0.04755449295043945,0.9988550543785095,-0.15755140781402588],[0.0,0.0,0.0,1.0]]}
{"timestamp":1753140131.2069445,"transformation_matrix":[[0.9996731877326965,-0.024695226922631264,0.006603803485631943,0.0991406962275505],[0.024999378249049187,0.9983947277069092,-0.050822947174310684,-0.0026355746667832136],[-0.00533811841160059,0.05097142979502678,0.9986858367919922,-0.1588912010192871],[0.0,0.0,0.0,1.0]]}
{"timestamp":1753140131.2419245,"transformation_matrix":[[0.9997581839561462,-0.021989019587635994,0.00023144399165175855,0.10926295071840286],[0.021974382922053337,0.9985824227333069,-0.048479486256837845,-0.006201866548508406],[0.0008349003037437797,0.048472847789525986,0.9988241791725159,-0.17118874192237854],[0.0,0.0,0.0,1.0]]}
{"timestamp":1753140131.2735307,"transformation_matrix":[[0.9999153017997742,-0.012345585972070694,0.004114223178476095,0.11304225772619247],[0.012551572173833847,0.9984345436096191,-0.05450572073459625,-0.00805844645947218],[-0.0034348773770034313,0.054552748799324036,0.9985049962997437,-0.17911098897457123],[0.0,0.0,0.0,1.0]]}
{"timestamp":1753140131.3075128,"transformation_matrix":[[0.9997462630271912,-0.021816600114107132,0.005604686215519905,0.11760042607784271],[0.022091727703809738,0.9982466697692871,-0.05491358041763306,-0.006271505728363991],[-0.0043968316167593,0.05502346158027649,0.9984753727912903,-0.18442171812057495],[0.0,0.0,0.0,1.0]]}
{"timestamp":1753140131.3401594,"transformation_matrix":[[0.999728262424469,-0.022954700514674187,0.004058811813592911,0.11972624808549881],[0.02314094640314579,0.998264491558075,-0.054152604192495346,-0.005697993561625481],[-0.0028087112586945295,0.05423181131482124,0.9985244274139404,-0.1865466982126236],[0.0,0.0,0.0,1.0]]}
{"timestamp":1753140131.3751092,"transformation_matrix":[[0.9994059801101685,-0.03440006822347641,-0.0020763473585247993,0.13379739224910736],[0.03424306958913803,0.9980243444442749,-0.05267643555998802,-0.010587102733552456],[0.00388431828469038,0.0525740422308445,0.9986094832420349,-0.2059325873851776],[0.0,0.0,0.0,1.0]]}
{"timestamp":1753140131.4069266,"transformation_matrix":[[0.9994686841964722,-0.03254630044102669,0.0017669601365923882,0.13626717031002045],[0.032593581825494766,0.9983212947845459,-0.04787807539105415,-0.011811894364655018],[-0.00020573986694216728,0.04791022464632988,0.9988515973091125,-0.21063444018363953],[0.0,0.0,0.0,1.0]]}
{"timestamp":1753140131.4404414,"transformation_matrix":[[0.9998144507408142,-0.01778211072087288,0.007405709009617567,0.13748671114444733],[0.018137723207473755,0.9985290169715881,-0.05109637603163719,-0.019096676260232925],[-0.006486214231699705,0.05122121796011925,0.9986662864685059,-0.21600809693336487],[0.0,0.0,0.0,1.0]]}
{"timestamp":1753140131.4735124,"transformation_matrix":[[0.99986332654953,-0.016388697549700737,0.002182429190725088,0.1390797197818756],[0.0164866391569376,0.9982303977012634,-0.05713385343551636,-0.01773924008011818],[-0.0012422178406268358,0.057162024080753326,0.9983641505241394,-0.21596506237983704],[0.0,0.0,0.0,1.0]]}
{"timestamp":1753140131.5076709,"transformation_matrix":[[0.9997618198394775,-0.02112814411520958,0.005468715913593769,0.14256088435649872],[0.021400805562734604,0.9982103109359741,-0.05584058165550232,-0.022678589448332787],[-0.004279120825231075,0.05594431608915329,0.9984247088432312,-0.22972053289413452],[0.0,0.0,0.0,1.0]]}
{"timestamp":1753140131.5402737,"transformation_matrix":[[0.9999183416366577,-0.01198315154761076,-0.004433717578649521,0.14636889100074768],[0.011707278899848461,0.998262882232666,-0.05774223804473877,-0.024793731048703194],[0.005117950029671192,0.057685621082782745,0.9983216524124146,-0.23011918365955353],[0.0,0.0,0.0,1.0]]}
{"timestamp":1753140131.5738823,"transformation_matrix":[[0.9999536871910095,-0.009592141024768353,-0.0008037014631554484,0.14910392463207245],[0.009519697166979313,0.9978432655334473,-0.06494725495576859,-0.023617668077349663],[0.0014249513624235988,0.06493660062551498,0.9978883862495422,-0.2359076887369156],[0.0,0.0,0.0,1.0]]}
{"timestamp":1753140131.6068575,"transformation_matrix":[[0.9998544454574585,-0.014911123551428318,0.008288471959531307,0.14944025874137878],[0.015426327474415302,0.9976984858512878,-0.06602878868579865,-0.02278795838356018],[-0.007284832186996937,0.06614704430103302,0.9977833032608032,-0.24061737954616547],[0.0,0.0,0.0,1.0]]}
{"timestamp":1753140131.6406329,"transformation_matrix":[[0.9999563694000244,-0.009075997397303581,0.0022111714351922274,0.15445075929164886],[0.009214838966727257,0.9972116351127625,-0.07405439019203186,-0.019729575142264366],[-0.0015328882727771997,0.07407154142856598,0.9972517490386963,-0.2453136295080185],[0.0,0.0,0.0,1.0]]}
{"timestamp":1753140131.6736953,"transformation_matrix":[[0.9997387528419495,-0.022825077176094055,0.001178366132080555,0.16046839952468872],[0.02285526692867279,0.9981809854507446,-0.055788543075323105,-0.03167440742254257],[9.715498890727758e-05,0.0558009035885334,0.9984419345855713,-0.25651636719703674],[0.0,0.0,0.0,1.0]]}
{"timestamp":1753140131.7069652,"transformation_matrix":[[0.9994990229606628,-0.03159689903259277,0.0018331336323171854,0.1616661250591278],[0.03164973109960556,0.9980638027191162,-0.05354337766766548,-0.031469982117414474],[-0.00013777962885797024,0.0535745732486248,0.998563826084137,-0.2580273449420929],[0.0,0.0,0.0,1.0]]}
{"timestamp":1753140131.740106,"transformation_matrix":[[0.9999432563781738,-0.010043242014944553,0.0035516545176506042,0.1667398363351822],[0.010272172279655933,0.9973714351654053,-0.07172626256942749,-0.03215000778436661],[-0.0028219548985362053,0.07175867259502411,0.9974180459976196,-0.2672788202762604],[0.0,0.0,0.0,1.0]]}
{"timestamp":1753140131.773525,"transformation_matrix":[[0.999942421913147,-0.01072733849287033,-0.0002660199243109673,0.1886046677827835],[0.010686088353395462,0.9977417588233948,-0.06631113588809967,-0.0457780696451664],[0.0009767611045390368,0.06630447506904602,0.9977989792823792,-0.29980042576789856],[0.0,0.0,0.0,1.0]]}
{"timestamp":1753140131.8069284,"transformation_matrix":[[0.9999143481254578,-0.01279330626130104,-0.0027708669658750296,0.1895020455121994],[0.012585831806063652,0.9977990984916687,-0.06510433554649353,-0.04617536813020706],[0.0035976681392639875,0.06506387889385223,0.9978746175765991,-0.30011820793151855],[0.0,0.0,0.0,1.0]]}
{"timestamp":1753140131.840121,"transformation_matrix":[[0.9998608827590942,-0.010963823646306992,0.012569639831781387,0.2000846117734909],[0.01167365349829197,0.998256266117096,-0.05786352977156639,-0.05948437377810478],[-0.011913316324353218,0.05800221487879753,0.998245358467102,-0.3308051526546478],[0.0,0.0,0.0,1.0]]}
{"timestamp":1753140131.8734384,"transformation_matrix":[[0.9998058676719666,-0.0164512749761343,0.010844809003174305,0.20152755081653595],[0.01705498807132244,0.9981620907783508,-0.058151062577962875,-0.06155819073319435],[-0.009868218563497066,0.05832472816109657,0.9982488751411438,-0.3292946517467499],[0.0,0.0,0.0,1.0]]}
{"timestamp":1753140131.9072652,"transformation_matrix":[[0.9999445080757141,-0.007322352379560471,0.007570095360279083,0.20250087976455688],[0.007834099233150482,0.9975202679634094,-0.06994228065013885,-0.05971716716885567],[-0.007039181888103485,0.06999771296977997,0.9975222945213318,-0.32985398173332214],[0.0,0.0,0.0,1.0]]}
{"timestamp":1753140131.940428,"transformation_matrix":[[0.9998960494995117,-0.01004319079220295,0.010347865521907806,0.20157255232334137],[0.010746512562036514,0.9974666833877563,-0.07031853497028351,-0.058794014155864716],[-0.009615428745746613,0.07042242586612701,0.9974709153175354,-0.33101126551628113],[0.0,0.0,0.0,1.0]]}
{"timestamp":1753140131.9738064,"transformation_matrix":[[0.999929666519165,-0.006558319088071585,0.009879657998681068,0.20186969637870789],[0.007251287344843149,0.9973911643028259,-0.07182110846042633,-0.05912971496582031],[-0.009382858872413635,0.07188770174980164,0.997368574142456,-0.3323175609111786],[0.0,0.0,0.0,1.0]]}
{"timestamp":1753140132.0068362,"transformation_matrix":[[0.999871551990509,-0.011310813017189503,0.011357365176081657,0.20279058814048767],[0.012087835930287838,0.9974133968353271,-0.07085513323545456,-0.05837476626038551],[-0.010526558384299278,0.07098331302404404,0.9974219799041748,-0.33467528223991394],[0.0,0.0,0.0,1.0]]}
{"timestamp":1753140132.0403376,"transformation_matrix":[[0.9999212622642517,-0.006895259954035282,0.010487237945199013,0.2013832926750183],[0.007675777189433575,0.9970550537109375,-0.07630409300327301,-0.06081962212920189],[-0.009930217638611794,0.07637858390808105,0.9970294237136841,-0.330486536026001],[0.0,0.0,0.0,1.0]]}
{"timestamp":1753140132.0738173,"transformation_matrix":[[0.9998621940612793,-0.014269813895225525,0.008485907688736916,0.20482809841632843],[0.014801669865846634,0.9976884722709656,-0.06632184982299805,-0.06120947748422623],[-0.007519891951233149,0.06643831729888916,0.9977622032165527,-0.33444172143936157],[0.0,0.0,0.0,1.0]]}
{"timestamp":1753140132.106963,"transformation_matrix":[[0.9998884797096252,-0.00982185360044241,0.011252482421696186,0.20222215354442596],[0.010615822859108448,0.9972885251045227,-0.07282102108001709,-0.06118665263056755],[-0.010506735183298588,0.07293234765529633,0.997281551361084,-0.33292528986930847],[0.0,0.0,0.0,1.0]]}
{"timestamp":1753140132.140246,"transformation_matrix":[[0.9999502897262573,-0.009701074101030827,0.002311751712113619,0.2059917449951172],[0.009846062399446964,0.9971863031387329,-0.07431341707706451,-0.059953704476356506],[-0.0015843273140490055,0.07433249056339264,0.9972322583198547,-0.3334977626800537],[0.0,0.0,0.0,1.0]]}
{"timestamp":1753140132.1736097,"transformation_matrix":[[0.9998665452003479,-0.007272137328982353,0.014627381227910519,0.20686554908752441],[0.00834767334163189,0.9971587061882019,-0.07486540079116821,-0.061695151031017303],[-0.014041389338672161,0.07497751712799072,0.9970863461494446,-0.3442615270614624],[0.0,0.0,0.0,1.0]]}
{"timestamp":1753140132.2070982,"transformation_matrix":[[0.9999299645423889,-0.008552389219403267,0.008181238546967506,0.21120786666870117],[0.009149372577667236,0.997069239616394,-0.0759551003575325,-0.06085459142923355],[-0.007507663685828447,0.076024629175663,0.9970777034759521,-0.3478563725948334],[0.0,0.0,0.0,1.0]]}
{"timestamp":1753140132.240446,"transformation_matrix":[[0.9996575117111206,-0.022068841382861137,0.014065474271774292,0.21608158946037292],[0.023045165464282036,0.9970278143882751,-0.07351500540971756,-0.060357023030519485],[-0.01240127719938755,0.07381396740674973,0.9971949458122253,-0.3574220538139343],[0.0,0.0,0.0,1.0]]}
{"timestamp":1753140132.2735631,"transformation_matrix":[[0.9998543858528137,-0.008200014941394329,0.014964757487177849,0.21788839995861053],[0.009410069324076176,0.996532678604126,-0.0826687216758728,-0.06493254750967026],[-0.014234984293580055,0.08279749751091003,0.996464729309082,-0.36452794075012207],[0.0,0.0,0.0,1.0]]}
{"timestamp":1753140132.306916,"transformation_matrix":[[0.9998964667320251,-0.00694581214338541,0.012601646594703197,0.2951701581478119],[0.007792877033352852,0.997623085975647,-0.06846469640731812,-0.11901901662349701],[-0.012096150778234005,0.0685558170080185,0.997573971748352,-0.4908542037010193],[0.0,0.0,0.0,1.0]]}
{"timestamp":1753140132.340157,"transformation_matrix":[[0.9999411106109619,-0.002071602735668421,0.010653550736606121,0.2992227375507355],[0.002839819062501192,0.9973565936088562,-0.07260727137327194,-0.1177319660782814],[-0.01047497522085905,0.07263324409723282,0.9973037242889404,-0.49717041850090027],[0.0,0.0,0.0,1.0]]}
{"timestamp":1753140132.373426,"transformation_matrix":[[0.9998284578323364,-0.0012134709395468235,0.018482515588402748,0.30765068531036377],[0.0025528420228511095,0.997356653213501,-0.07261678576469421,-0.12799571454524994],[-0.018345540389418602,0.07265150547027588,0.9971886277198792,-0.519252359867096],[0.0,0.0,0.0,1.0]]}
{"timestamp":1753140132.4069185,"transformation_matrix":[[0.999920129776001,-0.006860918365418911,0.010613679885864258,0.3550390303134918],[0.007479948922991753,0.9982045292854309,-0.05942821502685547,-0.16304711997509003],[-0.010186892002820969,0.05950285494327545,0.9981761574745178,-0.5842363834381104],[0.0,0.0,0.0,1.0]]}
{"timestamp":1753140132.4401019,"transformation_matrix":[[0.9998517632484436,-0.008816611021757126,0.014790014363825321,0.35486915707588196],[0.009691048413515091,0.9981433153152466,-0.060133155435323715,-0.16258925199508667],[-0.014232383109629154,0.06026757135987282,0.9980807900428772,-0.5886279344558716],[0.0,0.0,0.0,1.0]]}
{"timestamp":1753140132.473842,"transformation_matrix":[[0.999834418296814,0.006984219420701265,0.016802305355668068,0.3545241355895996],[-0.005904602352529764,0.997966468334198,-0.06346702575683594,-0.17978155612945557],[-0.01721140556037426,0.06335730850696564,0.9978424906730652,-0.598415732383728],[0.0,0.0,0.0,1.0]]}
{"timestamp":1753140132.5069897,"transformation_matrix":[[0.9998471736907959,-0.003615717403590679,0.0171046145260334,0.40221264958381653],[0.004631619900465012,0.998203694820404,-0.05973179638385773,-0.21020883321762085],[-0.016857918351888657,0.059801891446113586,0.9980679154396057,-0.6820764541625977],[0.0,0.0,0.0,1.0]]}
{"timestamp":1753140132.5401871,"transformation_matrix":[[0.9999733567237854,-0.001559186028316617,0.007134477607905865,0.4113401174545288],[0.0019785575568675995,0.9982467293739319,-0.05915674939751625,-0.21264787018299103],[-0.0070297326892614365,0.05916928872466087,0.9982231855392456,-0.6822186708450317],[0.0,0.0,0.0,1.0]]}
{"timestamp":1753140132.573544,"transformation_matrix":[[0.9999054670333862,0.0066189817152917385,0.012054222635924816,0.4145447015762329],[-0.00581909017637372,0.9978536367416382,-0.06522485613822937,-0.21600575745105743],[-0.0124600725248456,0.06514854729175568,0.9977977871894836,-0.6988369822502136],[0.0,0.0,0.0,1.0]]}
{"timestamp":1753140132.607727,"transformation_matrix":[[0.9998403787612915,-0.00634497357532382,0.016702925786376,0.4928465485572815],[0.007261631544679403,0.9984375834465027,-0.0554041787981987,-0.26586559414863586],[-0.016325289383530617,0.055516622960567474,0.9983242750167847,-0.837665855884552],[0.0,0.0,0.0,1.0]]}
{"timestamp":1753140132.6403174,"transformation_matrix":[[0.9997440576553345,-0.0148716876283288,0.017046812921762466,0.5066858530044556],[0.01580999605357647,0.9982888102531433,-0.05629851296544075,-0.26520058512687683],[-0.016180388629436493,0.056553613394498825,0.9982684254646301,-0.8561843037605286],[0.0,0.0,0.0,1.0]]}
{"timestamp":1753140132.6740842,"transformation_matrix":[[0.9998225569725037,0.003705881303176284,0.018470237031579018,0.5141366124153137],[-0.0024616115260869265,0.9977540373802185,-0.06693921983242035,-0.2728254795074463],[-0.018676823005080223,0.06688188016414642,0.9975860714912415,-0.8847893476486206],[0.0,0.0,0.0,1.0]]}
{"timestamp":1753140132.7071373,"transformation_matrix":[[0.999859631061554,-0.001661304384469986,0.01667265221476555,0.5708973407745361],[0.0027075335383415222,0.998014509677887,-0.06292625516653061,-0.32083579897880554],[-0.016535010188817978,0.06296256929636002,0.997878909111023,-0.9727340936660767],[0.0,0.0,0.0,1.0]]}
{"timestamp":1753140132.7407072,"transformation_matrix":[[0.9999154210090637,0.0023266426287591457,0.012797471135854721,0.5779268741607666],[-0.0014568277401849627,0.9977140426635742,-0.06756173819303513,-0.319755882024765],[-0.012925408780574799,0.06753737479448318,0.9976330399513245,-0.978282630443573],[0.0,0.0,0.0,1.0]]}
{"timestamp":1753140132.7736833,"transformation_matrix":[[0.9997044801712036,-0.0011509408941492438,0.02428288199007511,0.5853875279426575],[0.0026969527825713158,0.9979634881019592,-0.06373043358325958,-0.32820969820022583],[-0.024160081520676613,0.06377708911895752,0.9976716637611389,-1.0131288766860962],[0.0,0.0,0.0,1.0]]}
{"timestamp":1753140132.807392,"transformation_matrix":[[0.9998418092727661,0.0037468979135155678,0.017388347536325455,0.6158948540687561],[-0.0025995466858148575,0.9978463053703308,-0.06554350256919861,-0.34868448972702026],[-0.01759648323059082,0.06548793613910675,0.997698187828064,-1.045554280281067],[0.0,0.0,0.0,1.0]]}
{"timestamp":1753140132.840232,"transformation_matrix":[[0.9999022483825684,0.0020651444792747498,0.013826492242515087,0.6241960525512695],[-0.001143994159065187,0.9977989792823792,-0.06630147248506546,-0.3475642204284668],[-0.01393298152834177,0.06627918034791946,0.9977038502693176,-1.0494338274002075],[0.0,0.0,0.0,1.0]]}
{"timestamp":1753140132.8743396,"transformation_matrix":[[0.999762237071991,-0.005928490776568651,0.020982498303055763,0.6308591961860657],[0.007240499835461378,0.9979862570762634,-0.06301568448543549,-0.3523842990398407],[-0.020566659048199654,0.06315262615680695,0.9977919459342957,-1.0711376667022705],[0.0,0.0,0.0,1.0]]}
{"timestamp":1753140132.9071133,"transformation_matrix":[[0.9996583461761475,0.009866359643638134,0.02420395240187645,0.6334329843521118],[-0.00768368411809206,0.9960314631462097,-0.08866924792528152,-0.3361009657382965],[-0.024982742965221405,0.08845297247171402,0.9957669973373413,-1.108931064605713],[0.0,0.0,0.0,1.0]]}
{"timestamp":1753140132.940533,"transformation_matrix":[[0.9998959898948669,0.008323734626173973,0.011778773739933968,0.6646569967269897],[-0.007315691560506821,0.9965078234672546,-0.0831780955195427,-0.363153874874115],[-0.012429993599653244,0.08308327943086624,0.9964650869369507,-1.1210904121398926],[0.0,0.0,0.0,1.0]]}
{"timestamp":1753140132.974043,"transformation_matrix":[[0.9997126460075378,0.01600896753370762,0.017842911183834076,0.6586345434188843],[-0.014318074099719524,0.9957326650619507,-0.09116742759943008,-0.3593734800815582],[-0.01922626420855522,0.09088575094938278,0.9956757426261902,-1.1329236030578613],[0.0,0.0,0.0,1.0]]}
{"timestamp":1753140133.0072048,"transformation_matrix":[[0.9996528625488281,0.006485736928880215,0.025536473840475082,0.6538379788398743],[-0.004216368310153484,0.9961169362068176,-0.0879388153553009,-0.3552188575267792],[-0.02600766345858574,0.08780062198638916,0.9957985281944275,-1.1344707012176514],[0.0,0.0,0.0,1.0]]}
{"timestamp":1753140133.040586,"transformation_matrix":[[0.9997581243515015,0.0024623405188322067,0.021854884922504425,0.6801762580871582],[-0.0006543331546708941,0.9966030716896057,-0.08235235512256622,-0.3804101347923279],[-0.021983426064252853,0.08231814205646515,0.996363639831543,-1.1649558544158936],[0.0,0.0,0.0,1.0]]}
{"timestamp":1753140133.0738585,"transformation_matrix":[[0.9997788071632385,0.0017791177378967404,0.020955387502908707,0.6844004392623901],[-7.214851211756468e-05,0.9966996312141418,-0.08117785304784775,-0.38186880946159363],[-0.02103065326809883,0.08115839213132858,0.996479332447052,-1.168800711631775],[0.0,0.0,0.0,1.0]]}
{"timestamp":1753140133.107571,"transformation_matrix":[[0.999717652797699,-0.011465469375252724,0.020812012255191803,0.6981642842292786],[0.013085946440696716,0.9967509508132935,-0.07947496324777603,-0.37869739532470703],[-0.01983317732810974,0.07972487062215805,0.9966195821762085,-1.1770048141479492],[0.0,0.0,0.0,1.0]]}
{"timestamp":1753140133.140221,"transformation_matrix":[[0.9996427297592163,-0.003894887864589691,0.02644355595111847,0.7630409002304077],[0.005850924178957939,0.9972187280654907,-0.0743008404970169,-0.4441167116165161],[-0.02608061581850052,0.07442902028560638,0.9968852400779724,-1.304373025894165],[0.0,0.0,0.0,1.0]]}
{"timestamp":1753140133.1734996,"transformation_matrix":[[0.9996746182441711,0.011391394771635532,0.02282179892063141,0.7715393900871277],[-0.00939647201448679,0.9962776303291321,-0.085689015686512,-0.45074552297592163],[-0.023712966591119766,0.08544669300317764,0.9960604906082153,-1.3224323987960815],[0.0,0.0,0.0,1.0]]}
{"timestamp":1753140133.2070758,"transformation_matrix":[[0.9996435046195984,0.008060852065682411,0.025452515110373497,0.7711332440376282],[-0.005700253415852785,0.9957895278930664,-0.09149156510829926,-0.4367581009864807],[-0.026082849130034447,0.09131386876106262,0.9954805374145508,-1.334537148475647],[0.0,0.0,0.0,1.0]]}
{"timestamp":1753140133.240185,"transformation_matrix":[[0.9997539520263672,0.008617330342531204,0.02043851464986801,0.7826153635978699],[-0.006341992877423763,0.994033932685852,-0.10888687521219254,-0.4064752459526062],[-0.02125488966703415,0.10873047262430191,0.9938440322875977,-1.342535376548767],[0.0,0.0,0.0,1.0]]}
{"timestamp":1753140133.2736514,"transformation_matrix":[[0.9996084570884705,0.0013236869126558304,0.027949918061494827,0.7814934849739075],[0.0019605921115726233,0.9931120276451111,-0.11715218424797058,-0.38252925872802734],[-0.027912471443414688,0.1171611100435257,0.9927206039428711,-1.3654147386550903],[0.0,0.0,0.0,1.0]]}
{"timestamp":1753140133.3069482,"transformation_matrix":[[0.9994525909423828,-0.010708291083574295,0.03130241855978966,0.7842049598693848],[0.014295041561126709,0.9930635690689087,-0.1167067214846611,-0.37272509932518005],[-0.02983556129038334,0.11709030717611313,0.9926729798316956,-1.3684427738189697],[0.0,0.0,0.0,1.0]]}
{"timestamp":1753140133.3408294,"transformation_matrix":[[0.9993739128112793,-0.020067604258656502,0.029138775542378426,0.791803777217865],[0.023333417251706123,0.992922306060791,-0.11645083129405975,-0.3653709888458252],[-0.026595650240778923,0.11705783009529114,0.9927689433097839,-1.3653123378753662],[0.0,0.0,0.0,1.0]]}
{"timestamp":1753140133.3740993,"transformation_matrix":[[0.9992557168006897,-0.026157718151807785,0.028350431472063065,0.7967967987060547],[0.02914413809776306,0.993433952331543,-0.11063256859779358,-0.3690071105957031],[-0.025270387530326843,0.11137647926807404,0.9934569597244263,-1.362574815750122],[0.0,0.0,0.0,1.0]]}
{"timestamp":1753140133.4075112,"transformation_matrix":[[0.999388575553894,-0.01929016225039959,0.029161399230360985,0.8043238520622253],[0.022814197465777397,0.9917937517166138,-0.12579596042633057,-0.35407134890556335],[-0.026495469734072685,0.12638434767723083,0.9916274547576904,-1.3838239908218384],[0.0,0.0,0.0,1.0]]}
{"timestamp":1753140133.4408922,"transformation_matrix":[[0.999343752861023,-0.023646369576454163,0.027439983561635017,0.8101334571838379],[0.026992768049240112,0.9913028478622437,-0.12880255281925201,-0.3465355336666107],[-0.024155622348189354,0.1294587105512619,0.9912905693054199,-1.3851127624511719],[0.0,0.0,0.0,1.0]]}
{"timestamp":1753140133.4742208,"transformation_matrix":[[0.999434769153595,-0.026047207415103912,0.021254239603877068,0.8206734657287598],[0.028538472950458527,0.991510272026062,-0.12685777246952057,-0.3479107618331909],[-0.017769506201148033,0.12739263474941254,0.9916931986808777,-1.3802350759506226],[0.0,0.0,0.0,1.0]]}
{"timestamp":1753140133.507792,"transformation_matrix":[[0.9994230270385742,-0.020488914102315903,0.02708863839507103,0.8179163932800293],[0.023980971425771713,0.9904723167419434,-0.13560795783996582,-0.3417184352874756],[-0.02405208721756935,0.13617932796478271,0.9903922080993652,-1.4002923965454102],[0.0,0.0,0.0,1.0]]}
{"timestamp":1753140133.5410478,"transformation_matrix":[[0.9992363452911377,-0.02679452672600746,0.028439531102776527,0.8257020115852356],[0.030376609414815903,0.9905040860176086,-0.13408532738685608,-0.34737738966941833],[-0.024576717987656593,0.13484683632850647,0.9905616044998169,-1.4023640155792236],[0.0,0.0,0.0,1.0]]}
{"timestamp":1753140133.5746615,"transformation_matrix":[[0.9992358684539795,-0.02696908265352249,0.028291206806898117,0.8268238306045532],[0.030520588159561157,0.9905492663383484,-0.13371865451335907,-0.34757471084594727],[-0.024417564272880554,0.13447992503643036,0.9906154274940491,-1.403946876525879],[0.0,0.0,0.0,1.0]]}
{"timestamp":1753140133.6072862,"transformation_matrix":[[0.998862087726593,-0.04088495671749115,0.024554336443543434,0.8398612141609192],[0.04382825642824173,0.9899294376373291,-0.13460592925548553,-0.334734708070755],[-0.018803702667355537,0.13552893698215485,0.9905949234962463,-1.4004535675048828],[0.0,0.0,0.0,1.0]]}
{"timestamp":1753140133.6408396,"transformation_matrix":[[0.9987283945083618,-0.03735518082976341,0.033855143934488297,0.8294011950492859],[0.0414888896048069,0.9905125498771667,-0.13100974261760712,-0.34329769015312195],[-0.028640054166316986,0.13224776089191437,0.9908028244972229,-1.4134330749511719],[0.0,0.0,0.0,1.0]]}
{"timestamp":1753140133.6737063,"transformation_matrix":[[0.9992398619651794,-0.027275362983345985,0.027853159233927727,0.8389394879341125],[0.03092608042061329,0.9896119236946106,-0.14039863646030426,-0.3361762762069702],[-0.02373439632356167,0.14115329086780548,0.9897031784057617,-1.4259577989578247],[0.0,0.0,0.0,1.0]]}
{"timestamp":1753140133.708913,"transformation_matrix":[[0.9988989233970642,-0.03709555044770241,0.028721267357468605,0.847324013710022],[0.040990930050611496,0.9878799915313721,-0.1497092843055725,-0.3121984899044037],[-0.02281961776316166,0.15072175860404968,0.988312840461731,-1.4355003833770752],[0.0,0.0,0.0,1.0]]}
{"timestamp":1753140133.740286,"transformation_matrix":[[0.9989596605300903,-0.040012672543525696,0.02187643200159073,0.8581788539886475],[0.042809464037418365,0.9881330132484436,-0.14751434326171875,-0.3135254681110382],[-0.015714380890130997,0.14829739928245544,0.9888179302215576,-1.4290752410888672],[0.0,0.0,0.0,1.0]]}
{"timestamp":1753140133.7737288,"transformation_matrix":[[0.9986317753791809,-0.04143071547150612,0.031906481832265854,0.8478370308876038],[0.04585785046219826,0.9870725870132446,-0.15357331931591034,-0.3018122911453247],[-0.025131359696388245,0.154826357960701,0.9876220226287842,-1.4427380561828613],[0.0,0.0,0.0,1.0]]}
{"timestamp":1753140133.8071487,"transformation_matrix":[[0.9986186027526855,-0.04209068790078163,0.031452421098947525,0.8492549657821655],[0.0463770367205143,0.9874367117881775,-0.15105609595775604,-0.3047342598438263],[-0.024699220433831215,0.15230609476566315,0.9880247116088867,-1.442779302597046],[0.0,0.0,0.0,1.0]]}
{"timestamp":1753140133.8416343,"transformation_matrix":[[0.9980496168136597,-0.0557594932615757,0.02806810662150383,0.8616275787353516],[0.0593654103577137,0.9868223667144775,-0.1505236029624939,-0.29690954089164734],[-0.019305113703012466,0.15189629793167114,0.9882078766822815,-1.4376249313354492],[0.0,0.0,0.0,1.0]]}
{"timestamp":1753140133.8735127,"transformation_matrix":[[0.998065173625946,-0.0500497967004776,0.036890365183353424,0.8460321426391602],[0.054916881024837494,0.9878217577934265,-0.14557592570781708,-0.30826976895332336],[-0.029155060648918152,0.14732016623020172,0.9886590838432312,-1.4434843063354492],[0.0,0.0,0.0,1.0]]}
{"timestamp":1753140133.9068754,"transformation_matrix":[[0.9990350604057312,-0.03390210494399071,0.027921246364712715,0.8513218760490417],[0.0377771370112896,0.9875702261924744,-0.15257112681865692,-0.3146878182888031],[-0.022401707246899605,0.1534786969423294,0.9878979921340942,-1.4419113397598267],[0.0,0.0,0.0,1.0]]}
