{
    "w": 640,
    "h": 480,
    "fl_x": 332.80126953125,
    "fl_y": 315.255615234375,
    "cx": 331.806396484375,
    "cy": 239.77125549316406,
    "k1": 0.0,
    "k2": 0.0,
    "p1": 0.0,
    "p2": 0.0,
    "camera_model": "OPENCV",
    "frames": [
        {
            "file_path": "front/color_image_frontleft_1753184062.218.png",
            "transform_matrix": [
                [
                    0.997012850615152,
                    -0.07664424817460946,
                    -0.00954118132982712,
                    -0.6686946749687195
                ],
                [
                    0.07461799729987129,
                    0.9877317293499276,
                    -0.13717937918880274,
                    0.8904890418052673
                ],
                [
                    0.01993813929072047,
                    0.13605765989982999,
                    0.9905002681855128,
                    1.04426109790802
                ],
                [
                    0.0,
                    0.0,
                    0.0,
                    1.0
                ]
            ],
            "colmap_im_id": 1
        },
        {
            "file_path": "front/color_image_frontleft_1753184066.224.png",
            "transform_matrix": [
                [
                    0.9990164827677367,
                    -0.04408260722018448,
                    -0.004773980618707374,
                    -0.6345556378364563
                ],
                [
                    0.042942858077909485,
                    0.9887235636977716,
                    -0.143462975836862,
                    0.8913620710372925
                ],
                [
                    0.011044369170639778,
                    0.14311686915433294,
                    0.9896441701883351,
                    0.9832573533058167
                ],
                [
                    0.0,
                    0.0,
                    0.0,
                    1.0
                ]
            ],
            "colmap_im_id": 2
        },
        {
            "file_path": "front/color_image_frontleft_1753184066.299.png",
            "transform_matrix": [
                [
                    0.999860113679345,
                    0.007446656585386929,
                    -0.014976660841920966,
                    -0.6049917340278625
                ],
                [
                    -0.006900747904948962,
                    0.9993215451799399,
                    0.03617774142472797,
                    0.5268570184707642
                ],
                [
                    0.01523590307881216,
                    -0.0360693304892321,
                    0.9992331412672929,
                    0.957051694393158
                ],
                [
                    0.0,
                    0.0,
                    0.0,
                    1.0
                ]
            ],
            "colmap_im_id": 3
        },
        {
            "file_path": "front/color_image_frontleft_1753184066.351.png",
            "transform_matrix": [
                [
                    0.9998002956766596,
                    0.012892462585583611,
                    -0.015269355339377483,
                    -0.6878162026405334
                ],
                [
                    -0.012313912754286524,
                    0.9992246526646374,
                    0.03739600529283984,
                    0.4867606461048126
                ],
                [
                    0.015739642838408646,
                    -0.0372005116585997,
                    0.9991838598254076,
                    1.1371397972106934
                ],
                [
                    0.0,
                    0.0,
                    0.0,
                    1.0
                ]
            ],
            "colmap_im_id": 4
        },
        {
            "file_path": "front/color_image_frontleft_1753184066.384.png",
            "transform_matrix": [
                [
                    0.9997301061528747,
                    0.014433555832667033,
                    -0.018204046225900744,
                    -0.7020696997642517
                ],
                [
                    -0.01373595228589708,
                    0.9991878448007283,
                    0.03788105544104808,
                    0.4886401891708374
                ],
                [
                    0.018736020062142505,
                    -0.03762078165792788,
                    0.999116428790364,
                    1.1620601415634155
                ],
                [
                    0.0,
                    0.0,
                    0.0,
                    1.0
                ]
            ],
            "colmap_im_id": 5
        },
        {
            "file_path": "front/color_image_frontleft_1753184066.411.png",
            "transform_matrix": [
                [
                    0.9996966866834645,
                    -0.008567823375006143,
                    -0.02308954421889984,
                    -0.7047186493873596
                ],
                [
                    0.009709466782071654,
                    0.998712290131918,
                    0.04979445611864734,
                    0.5195730924606323
                ],
                [
                    0.022633181491555264,
                    -0.050003539954274714,
                    0.9984925563892495,
                    1.1596505641937256
                ],
                [
                    0.0,
                    0.0,
                    0.0,
                    1.0
                ]
            ],
            "colmap_im_id": 6
        },
        {
            "file_path": "front/color_image_frontleft_1753184066.447.png",
            "transform_matrix": [
                [
                    0.9999406788216424,
                    -0.0055925232410064946,
                    -0.009346792151881726,
                    -0.724786639213562
                ],
                [
                    0.006028283657192948,
                    0.9988643057251558,
                    0.04726265526818189,
                    0.5353785157203674
                ],
                [
                    0.009071859560205727,
                    -0.047316196705244416,
                    0.9988387652334023,
                    1.1844801902770996
                ],
                [
                    0.0,
                    0.0,
                    0.0,
                    1.0
                ]
            ],
            "colmap_im_id": 7
        },
        {
            "file_path": "front/color_image_frontleft_1753184066.478.png",
            "transform_matrix": [
                [
                    0.9998895702410763,
                    -0.00836668674482649,
                    -0.01228193380225373,
                    -0.738116979598999
                ],
                [
                    0.008971323703851952,
                    0.9987074398576773,
                    0.050029643014713965,
                    0.5448843240737915
                ],
                [
                    0.011847476356157127,
                    -0.050134303446771444,
                    0.9986722130835204,
                    1.203732967376709
                ],
                [
                    0.0,
                    0.0,
                    0.0,
                    1.0
                ]
            ],
            "colmap_im_id": 8
        },
        {
            "file_path": "front/color_image_frontleft_1753184066.509.png",
            "transform_matrix": [
                [
                    0.9998918806954027,
                    0.006391445864476486,
                    -0.013242973180065228,
                    -0.7586471438407898
                ],
                [
                    -0.0057753564343843156,
                    0.9989224824220855,
                    0.04604909732591131,
                    0.553093671798706
                ],
                [
                    0.013523023957025152,
                    -0.0459676356389678,
                    0.9988513924960276,
                    1.2321950197219849
                ],
                [
                    0.0,
                    0.0,
                    0.0,
                    1.0
                ]
            ],
            "colmap_im_id": 9
        },
        {
            "file_path": "front/color_image_frontleft_1753184066.540.png",
            "transform_matrix": [
                [
                    0.9997876408448022,
                    0.014753058891827067,
                    -0.014388205475766943,
                    -0.7683601379394531
                ],
                [
                    -0.0140710131158838,
                    0.9988236187624547,
                    0.04640458095885547,
                    0.5682271718978882
                ],
                [
                    0.015055888993056292,
                    -0.04619226988803027,
                    0.9988190999128904,
                    1.251277208328247
                ],
                [
                    0.0,
                    0.0,
                    0.0,
                    1.0
                ]
            ],
            "colmap_im_id": 10
        },
        {
            "file_path": "front/color_image_frontleft_1753184066.573.png",
            "transform_matrix": [
                [
                    0.9998607149307216,
                    -1.5146656573712669e-05,
                    -0.016689831796262405,
                    -0.7813177704811096
                ],
                [
                    0.0008558952403919032,
                    0.9987303143320293,
                    0.05036890374144783,
                    0.5953949689865112
                ],
                [
                    0.016667878033697375,
                    -0.05037617285340915,
                    0.9985912190749743,
                    1.27047598361969
                ],
                [
                    0.0,
                    0.0,
                    0.0,
                    1.0
                ]
            ],
            "colmap_im_id": 11
        },
        {
            "file_path": "front/color_image_frontleft_1753184066.608.png",
            "transform_matrix": [
                [
                    0.9998829990962496,
                    0.0018047640234763324,
                    -0.015189830338393846,
                    -0.782243549823761
                ],
                [
                    -0.0010046576241462962,
                    0.9986194966368733,
                    0.05251753618419765,
                    0.6123939752578735
                ],
                [
                    0.015263642486243883,
                    -0.05249613100619731,
                    0.998504470423195,
                    1.2696391344070435
                ],
                [
                    0.0,
                    0.0,
                    0.0,
                    1.0
                ]
            ],
            "colmap_im_id": 12
        },
        {
            "file_path": "front/color_image_frontleft_1753184066.641.png",
            "transform_matrix": [
                [
                    0.9999412935985765,
                    -0.0031308587705231854,
                    -0.010373383243534363,
                    -0.8029211163520813
                ],
                [
                    0.0036849668039279655,
                    0.9985430342627816,
                    0.05383520919179458,
                    0.621509313583374
                ],
                [
                    0.010189719142947484,
                    -0.05387027429324425,
                    0.9984959505051956,
                    1.2917401790618896
                ],
                [
                    0.0,
                    0.0,
                    0.0,
                    1.0
                ]
            ],
            "colmap_im_id": 13
        },
        {
            "file_path": "front/color_image_frontleft_1753184066.676.png",
            "transform_matrix": [
                [
                    0.9998198825900997,
                    0.008203051059573377,
                    -0.017114680695541527,
                    -0.8329924941062927
                ],
                [
                    -0.00736133868346571,
                    0.9987874442637963,
                    0.04867701341125076,
                    0.6354852318763733
                ],
                [
                    0.017493228255059758,
                    -0.048542258859325935,
                    0.998667930699358,
                    1.328016996383667
                ],
                [
                    0.0,
                    0.0,
                    0.0,
                    1.0
                ]
            ],
            "colmap_im_id": 14
        },
        {
            "file_path": "front/color_image_frontleft_1753184066.711.png",
            "transform_matrix": [
                [
                    0.9998974356974373,
                    0.005050446099122988,
                    -0.013401905670083737,
                    -0.8385059237480164
                ],
                [
                    -0.00437443790190338,
                    0.9987396519069908,
                    0.04999971948833846,
                    0.6465890407562256
                ],
                [
                    0.013637535497015595,
                    -0.04993596549652359,
                    0.9986593097344544,
                    1.3350214958190918
                ],
                [
                    0.0,
                    0.0,
                    0.0,
                    1.0
                ]
            ],
            "colmap_im_id": 15
        },
        {
            "file_path": "front/color_image_frontleft_1753184066.768.png",
            "transform_matrix": [
                [
                    0.9999415383712384,
                    0.004937276030142726,
                    -0.009619934653806238,
                    -0.8510988354682922
                ],
                [
                    -0.004457786090423674,
                    0.998776893438076,
                    0.04924271749946507,
                    0.657061755657196
                ],
                [
                    0.009851293342163215,
                    -0.0491969550781578,
                    0.9987405126349849,
                    1.3500804901123047
                ],
                [
                    0.0,
                    0.0,
                    0.0,
                    1.0
                ]
            ],
            "colmap_im_id": 16
        },
        {
            "file_path": "front/color_image_frontleft_1753184066.809.png",
            "transform_matrix": [
                [
                    0.9998187394911344,
                    0.012059593991685224,
                    -0.014732764709959626,
                    -0.8760592341423035
                ],
                [
                    -0.011372815682131766,
                    0.9988839581032123,
                    0.04584209106230989,
                    0.6704281568527222
                ],
                [
                    0.015269159331920664,
                    -0.04566622868445088,
                    0.9988400514280026,
                    1.3846263885498047
                ],
                [
                    0.0,
                    0.0,
                    0.0,
                    1.0
                ]
            ],
            "colmap_im_id": 17
        },
        {
            "file_path": "front/color_image_frontleft_1753184066.887.png",
            "transform_matrix": [
                [
                    0.9998676671634796,
                    0.0009974613619685192,
                    -0.016237402353661074,
                    -0.9115503430366516
                ],
                [
                    -9.542708695001526e-05,
                    0.9984609550598063,
                    0.0554591034288893,
                    0.6900960206985474
                ],
                [
                    0.016267730574188104,
                    -0.05545021488052634,
                    0.9983289210742967,
                    1.4299856424331665
                ],
                [
                    0.0,
                    0.0,
                    0.0,
                    1.0
                ]
            ],
            "colmap_im_id": 18
        },
        {
            "file_path": "front/color_image_frontleft_1753184066.919.png",
            "transform_matrix": [
                [
                    0.9999758079495635,
                    -0.00023862687174137486,
                    -0.00695173160929252,
                    -0.9161727428436279
                ],
                [
                    0.0006556373491995631,
                    0.9981953821423303,
                    0.060046225315423654,
                    0.6922023892402649
                ],
                [
                    0.006924857747122927,
                    -0.06004933048902687,
                    0.9981713902019916,
                    1.4386786222457886
                ],
                [
                    0.0,
                    0.0,
                    0.0,
                    1.0
                ]
            ],
            "colmap_im_id": 19
        },
        {
            "file_path": "front/color_image_frontleft_1753184066.964.png",
            "transform_matrix": [
                [
                    0.9998986402169244,
                    -0.005548013834974375,
                    -0.013112164436093641,
                    -0.9202854037284851
                ],
                [
                    0.006435467244434289,
                    0.9976208323967051,
                    0.06863861909289717,
                    0.6932926774024963
                ],
                [
                    0.012700160434342524,
                    -0.06871604479392676,
                    0.9975554178230597,
                    1.4443527460098267
                ],
                [
                    0.0,
                    0.0,
                    0.0,
                    1.0
                ]
            ],
            "colmap_im_id": 20
        },
        {
            "file_path": "front/color_image_frontleft_1753184067.009.png",
            "transform_matrix": [
                [
                    0.9997834717032573,
                    0.003247079928257929,
                    -0.020553982973553556,
                    -0.9254952073097229
                ],
                [
                    -0.0019292969952180161,
                    0.9979601151914026,
                    0.06381133623003021,
                    0.6952728629112244
                ],
                [
                    0.02071925571158066,
                    -0.06375786453683363,
                    0.9977502931684474,
                    1.4511160850524902
                ],
                [
                    0.0,
                    0.0,
                    0.0,
                    1.0
                ]
            ],
            "colmap_im_id": 21
        },
        {
            "file_path": "front/color_image_frontleft_1753184067.069.png",
            "transform_matrix": [
                [
                    0.9998677699345471,
                    0.005568509085560239,
                    -0.015278559547554929,
                    -0.9288195967674255
                ],
                [
                    -0.004531818725506273,
                    0.9977381497159593,
                    0.06706748630560261,
                    0.6957384943962097
                ],
                [
                    0.015617467602761323,
                    -0.06698937831385715,
                    0.9976314542060482,
                    1.4546924829483032
                ],
                [
                    0.0,
                    0.0,
                    0.0,
                    1.0
                ]
            ],
            "colmap_im_id": 22
        },
        {
            "file_path": "front/color_image_frontleft_1753184067.108.png",
            "transform_matrix": [
                [
                    0.9998935115354913,
                    0.0072861396843339615,
                    -0.012644277040809553,
                    -0.9312074780464172
                ],
                [
                    -0.006436236480500887,
                    0.9977987213397382,
                    0.06600216833797189,
                    0.6966201663017273
                ],
                [
                    0.013097344515261074,
                    -0.06591375830467629,
                    0.9977393626075576,
                    1.4583057165145874
                ],
                [
                    0.0,
                    0.0,
                    0.0,
                    1.0
                ]
            ],
            "colmap_im_id": 23
        },
        {
            "file_path": "front/color_image_frontleft_1753184067.169.png",
            "transform_matrix": [
                [
                    0.9996286324659753,
                    0.02443401595437476,
                    -0.012065492082587087,
                    -0.9336923360824585
                ],
                [
                    -0.023495515621991165,
                    0.9970841916314372,
                    0.07260217749877645,
                    0.6953591704368591
                ],
                [
                    0.013804273994324406,
                    -0.07229173048315024,
                    0.9972879966750852,
                    1.4620403051376343
                ],
                [
                    0.0,
                    0.0,
                    0.0,
                    1.0
                ]
            ],
            "colmap_im_id": 24
        },
        {
            "file_path": "front/color_image_frontleft_1753184067.207.png",
            "transform_matrix": [
                [
                    0.999545407661322,
                    0.02059500646466829,
                    -0.022018711946666616,
                    -0.9350747466087341
                ],
                [
                    -0.01869545282311534,
                    0.9963536931874569,
                    0.08324540627290472,
                    0.6945903897285461
                ],
                [
                    0.02365286474845439,
                    -0.08279591373082712,
                    0.9962857914275289,
                    1.4650710821151733
                ],
                [
                    0.0,
                    0.0,
                    0.0,
                    1.0
                ]
            ],
            "colmap_im_id": 25
        },
        {
            "file_path": "front/color_image_frontleft_1753184067.267.png",
            "transform_matrix": [
                [
                    0.9997077105191746,
                    0.015949296464162134,
                    -0.018169026077454718,
                    -0.9459313154220581
                ],
                [
                    -0.014138587693424541,
                    0.995303653858312,
                    0.0957639679712318,
                    0.6970590353012085
                ],
                [
                    0.019611065864463064,
                    -0.09547909282066955,
                    0.9952382375821011,
                    1.48182213306427
                ],
                [
                    0.0,
                    0.0,
                    0.0,
                    1.0
                ]
            ],
            "colmap_im_id": 26
        },
        {
            "file_path": "front/color_image_frontleft_1753184067.306.png",
            "transform_matrix": [
                [
                    0.999751223213787,
                    0.013634116190815504,
                    -0.01765226756225466,
                    -0.9494625329971313
                ],
                [
                    -0.011771002260107022,
                    0.9947499486458526,
                    0.10165620002256101,
                    0.6984710693359375
                ],
                [
                    0.018945584714825797,
                    -0.10142312543463508,
                    0.9946629651656874,
                    1.4845532178878784
                ],
                [
                    0.0,
                    0.0,
                    0.0,
                    1.0
                ]
            ],
            "colmap_im_id": 27
        },
        {
            "file_path": "front/color_image_frontleft_1753184067.369.png",
            "transform_matrix": [
                [
                    0.9998487123882253,
                    0.013088664262886466,
                    -0.011455967375791704,
                    -0.9543319940567017
                ],
                [
                    -0.011883025851439074,
                    0.9949533803147809,
                    0.09963214440914016,
                    0.7002881765365601
                ],
                [
                    0.012702205214678113,
                    -0.09948093973602766,
                    0.9949583891375424,
                    1.4903875589370728
                ],
                [
                    0.0,
                    0.0,
                    0.0,
                    1.0
                ]
            ],
            "colmap_im_id": 28
        },
        {
            "file_path": "front/color_image_frontleft_1753184067.456.png",
            "transform_matrix": [
                [
                    0.9996258205705973,
                    0.019843985577901964,
                    -0.018826446741476856,
                    -0.9590808153152466
                ],
                [
                    -0.017795822162880053,
                    0.994487401789945,
                    0.1033349726419636,
                    0.7028599977493286
                ],
                [
                    0.020773241780540484,
                    -0.10296127472866796,
                    0.9944684250940627,
                    1.4989886283874512
                ],
                [
                    0.0,
                    0.0,
                    0.0,
                    1.0
                ]
            ],
            "colmap_im_id": 29
        },
        {
            "file_path": "front/color_image_frontleft_1753184067.523.png",
            "transform_matrix": [
                [
                    0.9995730724371096,
                    0.024806481181127715,
                    -0.01543733454393803,
                    -0.961072564125061
                ],
                [
                    -0.023129561223683703,
                    0.9946508247569861,
                    0.10067154291797027,
                    0.7035600543022156
                ],
                [
                    0.01785206441874365,
                    -0.10027150466256711,
                    0.9947999439649025,
                    1.5008141994476318
                ],
                [
                    0.0,
                    0.0,
                    0.0,
                    1.0
                ]
            ],
            "colmap_im_id": 30
        },
        {
            "file_path": "front/color_image_frontleft_1753184067.579.png",
            "transform_matrix": [
                [
                    0.9993229111292212,
                    0.033318756074192275,
                    -0.01560704056774942,
                    -0.9635925889015198
                ],
                [
                    -0.03160051185007511,
                    0.9945109316282381,
                    0.09974674907169609,
                    0.7040404677391052
                ],
                [
                    0.0188448102253157,
                    -0.09918602115836242,
                    0.994890449145806,
                    1.503574013710022
                ],
                [
                    0.0,
                    0.0,
                    0.0,
                    1.0
                ]
            ],
            "colmap_im_id": 31
        },
        {
            "file_path": "front/color_image_frontleft_1753184067.621.png",
            "transform_matrix": [
                [
                    0.9997512030483121,
                    0.013853386647878961,
                    -0.017481866770762678,
                    -0.9752682447433472
                ],
                [
                    -0.011678492231337302,
                    0.9928376648159544,
                    0.1188990482723356,
                    0.7046636343002319
                ],
                [
                    0.019003810318168345,
                    -0.11866530469875752,
                    0.992752436505047,
                    1.5182952880859375
                ],
                [
                    0.0,
                    0.0,
                    0.0,
                    1.0
                ]
            ],
            "colmap_im_id": 32
        },
        {
            "file_path": "front/color_image_frontleft_1753184067.662.png",
            "transform_matrix": [
                [
                    0.9996279927135852,
                    0.023473678385286446,
                    -0.013887499061461403,
                    -0.9739227890968323
                ],
                [
                    -0.021551512109490488,
                    0.9918878941230657,
                    0.125275449849207,
                    0.7042643427848816
                ],
                [
                    0.016715517727920973,
                    -0.12492954987588337,
                    0.9920247978469026,
                    1.5159082412719727
                ],
                [
                    0.0,
                    0.0,
                    0.0,
                    1.0
                ]
            ],
            "colmap_im_id": 33
        },
        {
            "file_path": "front/color_image_frontleft_1753184067.725.png",
            "transform_matrix": [
                [
                    0.9995052932258295,
                    0.03039859075523176,
                    -0.008068117696623828,
                    -0.9738194346427917
                ],
                [
                    -0.029178886547212023,
                    0.9919996909967097,
                    0.12282184707828539,
                    0.7044329643249512
                ],
                [
                    0.011737181217633369,
                    -0.12252566759643765,
                    0.9923959390338564,
                    1.5153557062149048
                ],
                [
                    0.0,
                    0.0,
                    0.0,
                    1.0
                ]
            ],
            "colmap_im_id": 34
        },
        {
            "file_path": "front/color_image_frontleft_1753184067.763.png",
            "transform_matrix": [
                [
                    0.9995576655209047,
                    0.026530363269698237,
                    -0.01343923914357295,
                    -0.9741466641426086
                ],
                [
                    -0.024453263638427175,
                    0.9903613503386146,
                    0.13633207330019387,
                    0.7042936086654663
                ],
                [
                    0.016926642354875704,
                    -0.13594313567693556,
                    0.990572033315171,
                    1.5163347721099854
                ],
                [
                    0.0,
                    0.0,
                    0.0,
                    1.0
                ]
            ],
            "colmap_im_id": 35
        },
        {
            "file_path": "front/color_image_frontleft_1753184067.812.png",
            "transform_matrix": [
                [
                    0.9994992007771205,
                    0.022727593978555644,
                    -0.02201826717593887,
                    -0.9743586778640747
                ],
                [
                    -0.019144174523641783,
                    0.9883277743661946,
                    0.15113474231943147,
                    0.7042631506919861
                ],
                [
                    0.025196194143033798,
                    -0.15063753259429913,
                    0.9882679216229779,
                    1.516714334487915
                ],
                [
                    0.0,
                    0.0,
                    0.0,
                    1.0
                ]
            ],
            "colmap_im_id": 36
        },
        {
            "file_path": "front/color_image_frontleft_1753184067.874.png",
            "transform_matrix": [
                [
                    0.9995043297406564,
                    0.023415331643696607,
                    -0.02104321957977065,
                    -0.9743276834487915
                ],
                [
                    -0.019953752401862118,
                    0.9882033302906706,
                    0.15184210931833617,
                    0.7042577862739563
                ],
                [
                    0.024350412960603446,
                    -0.1513469545156825,
                    0.9881807310117724,
                    1.516661286354065
                ],
                [
                    0.0,
                    0.0,
                    0.0,
                    1.0
                ]
            ],
            "colmap_im_id": 37
        },
        {
            "file_path": "front/color_image_frontleft_1753184067.908.png",
            "transform_matrix": [
                [
                    0.9992630791992777,
                    0.0338482068308594,
                    -0.01809965421354162,
                    -0.9743393063545227
                ],
                [
                    -0.030613468737104493,
                    0.9872603720545119,
                    0.15614023818107942,
                    0.704264223575592
                ],
                [
                    0.023154138295275378,
                    -0.15547108201108412,
                    0.9875690503444748,
                    1.5167040824890137
                ],
                [
                    0.0,
                    0.0,
                    0.0,
                    1.0
                ]
            ],
            "colmap_im_id": 38
        },
        {
            "file_path": "front/color_image_frontleft_1753184067.972.png",
            "transform_matrix": [
                [
                    0.9989156616146645,
                    0.04036034834446289,
                    -0.023206531947245312,
                    -0.9744776487350464
                ],
                [
                    -0.0362767516080561,
                    0.9871883326254902,
                    0.1553807954577557,
                    0.7042709589004517
                ],
                [
                    0.029180440988311074,
                    -0.15437045243773542,
                    0.987582028848241,
                    1.5168781280517578
                ],
                [
                    0.0,
                    0.0,
                    0.0,
                    1.0
                ]
            ],
            "colmap_im_id": 39
        },
        {
            "file_path": "front/color_image_frontleft_1753184068.013.png",
            "transform_matrix": [
                [
                    0.999115628411775,
                    0.037497843506269446,
                    -0.019022955232221445,
                    -0.975100040435791
                ],
                [
                    -0.033755275236184656,
                    0.985061486323907,
                    0.16886222212963148,
                    0.70423424243927
                ],
                [
                    0.02507074963213493,
                    -0.16807076010183003,
                    0.9854560759393406,
                    1.5181519985198975
                ],
                [
                    0.0,
                    0.0,
                    0.0,
                    1.0
                ]
            ],
            "colmap_im_id": 40
        },
        {
            "file_path": "front/color_image_frontleft_1753184068.060.png",
            "transform_matrix": [
                [
                    0.999028245695702,
                    0.04006897105872047,
                    -0.018358701173354364,
                    -0.9781568646430969
                ],
                [
                    -0.03626837401173051,
                    0.9840536938804021,
                    0.17413481386449636,
                    0.7048519849777222
                ],
                [
                    0.02504335035538041,
                    -0.17329975738982728,
                    0.9845506718598287,
                    1.522063136100769
                ],
                [
                    0.0,
                    0.0,
                    0.0,
                    1.0
                ]
            ],
            "colmap_im_id": 41
        },
        {
            "file_path": "front/color_image_frontleft_1753184068.120.png",
            "transform_matrix": [
                [
                    0.9990990973177369,
                    0.04096442733561245,
                    -0.011086453988341793,
                    -0.9784525632858276
                ],
                [
                    -0.038406640681722504,
                    0.9839214294801029,
                    0.17442348207264635,
                    0.7046353220939636
                ],
                [
                    0.01805335759672838,
                    -0.17384055004476673,
                    0.9846083180400461,
                    1.5226361751556396
                ],
                [
                    0.0,
                    0.0,
                    0.0,
                    1.0
                ]
            ],
            "colmap_im_id": 42
        },
        {
            "file_path": "front/color_image_frontleft_1753184068.156.png",
            "transform_matrix": [
                [
                    0.9981864557657684,
                    0.05665284182190815,
                    -0.020353263887401052,
                    -0.9800753593444824
                ],
                [
                    -0.05189407239776474,
                    0.9811730330851315,
                    0.18602819042085872,
                    0.7051259875297546
                ],
                [
                    0.030509098435448412,
                    -0.1846346064387323,
                    0.9823335788077445,
                    1.524823784828186
                ],
                [
                    0.0,
                    0.0,
                    0.0,
                    1.0
                ]
            ],
            "colmap_im_id": 43
        },
        {
            "file_path": "front/color_image_frontleft_1753184068.217.png",
            "transform_matrix": [
                [
                    0.9979597385433269,
                    0.060748956124288794,
                    -0.01964496649969999,
                    -0.979840874671936
                ],
                [
                    -0.055991914085202404,
                    0.9805853296622992,
                    0.18792902401793615,
                    0.7047164440155029
                ],
                [
                    0.030680057627723134,
